input_count: 5000
filtered_count: 2753
unique_filtered_count: 2052
dropped_count: 2247
retention_ratio: 0.5506
unique_ratio: 0.7453686887032328
valid: 1.0
unique: 1.0
FCD/Test: 8.974122598906089
Novelty_self: 0.9892787524366472
invalid_smiles: 0
atom_set_fail: 0
fragment_fail: 0
size_fail: 0
valence_fail: 2247
